-4.2
286.5
316.1
155.0
128.4
210.0
199.7
-33.8
65.7
137.5
152.7
271.0
89.5
163.6
208.6
283.5
245.8
307.0
40.3
41.4
308.4
206.9
259.9
49.1
121.8
248.4
194.9
86.7
288.9
82.0
97.1
45.0
256.4
380.7
441.0
99.2
284.5
-6.5
333.2
230.5
249.0
218.3
434.4
-66.1
218.0
112.5
337.9
326.2
181.7
155.7
-24.6
240.3
185.2
131.6
19.9
308.2
249.4
-10.9
138.7
310.8
199.3
188.1
260.3
247.8
460.8
180.6
349.9
46.2
262.8
193.5
204.9
109.5
190.2
323.9
51.2
389.5
243.0
180.2
342.3
85.8
454.8
76.7
385.2
450.5
635.3
167.9
193.9
149.1
426.6
-1.3
289.4
243.3
113.1
-76.1
346.8
118.0
78.9
341.5
102.6
81.6
213.3
70.0
